Calculations are shown here

Loss: 0.2039460837841034
Accuracy: 0.9188311696052551
Precision: 0.9144737124443054
Recall: 0.9025974273681641
F1 score: 0.9084967585069121