Calculations are shown here

Loss: 0.29006490111351013
Accuracy: 0.8603895902633667
Precision: 0.8308605551719666
Recall: 0.9090909361839294
F1 score: 0.8682170781105816