Calculations are shown here

Loss: 0.14224283397197723
Accuracy: 0.9592592716217041
Precision: 0.9664179086685181
Recall: 0.9592592716217041
F1 score: 0.9628252841546542